<?xml version="1.0"?>
<opencv_storage>
<H type_id="opencv-matrix">
  <rows>3</rows>
  <cols>3</cols>
  <dt>d</dt>
  <data>
    6.6829473391561134e-001 1.8344318347851395e-002
    3.9519161881734661e+001 -4.9027471329958883e-002
    8.9350124927903940e-001 6.1809882300563181e+001
    -1.8999645773011534e-4 2.0691996202530091e-006 1.</data></H>
</opencv_storage>
