<?xml version="1.0"?>
<opencv_storage>
<H type_id="opencv-matrix">
  <rows>3</rows>
  <cols>3</cols>
  <dt>d</dt>
  <data>
    7.8827671532079990e-001 1.0905680735846527e-002
    2.8170495497465602e+001 -2.5370109947776082e-002
    9.2326847065054007e-001 4.4200850169895560e+001
    -1.1457814415224265e-004 1.2881604743079721e-005 1.</data></H>
</opencv_storage>
