<?xml version="1.0"?>
<opencv_storage>
<H type_id="opencv-matrix">
  <rows>3</rows>
  <cols>3</cols>
  <dt>d</dt>
  <data>
    5.4879672332942009e-001 1.5245351406439072e-002
    6.5033217446184722e+001 -6.2741613416974512e-002
    8.8042802116037922e-001 1.0539150873162244e+002
    -2.4692323566416577e-004 1.6209582458142305e-005 1.</data></H>
</opencv_storage>
