<?xml version="1.0"?>
<opencv_storage>
<H type_id="opencv-matrix">
  <rows>3</rows>
  <cols>3</cols>
  <dt>d</dt>
  <data>
    4.1335915545976648e-001 2.6091530324690363e-002
    6.1728731455568294e+001 -8.7357891088038458e-002
    8.6604553724699529e-001 9.5353883474378421e+001
    -3.3657799873241785e-004 -8.5901953440766510e-006 1.</data></H>
</opencv_storage>
