<?xml version="1.0"?>
<opencv_storage>
<H type_id="opencv-matrix">
  <rows>3</rows>
  <cols>3</cols>
  <dt>d</dt>
  <data>
    2.5816310023931976e-001 2.8122203548214684e-002
    1.2277193310808889e+002 -9.8273407059790416e-002
    9.0342808618060721e-001 8.7973660973959113e+001
    -4.0968706824389192e-004 8.6748426479688695e-007 1.</data></H>
</opencv_storage>
